93336
25657
37919
36112
93220
96088
81799
42117
86261
83272
28234
57928
66766
17075
23029
41247
10936
93121
79693
92707
52594
94185
46850
23517
12617
25517
99771
91506
24437
44184
46498
52391
78353
54529
12175
23155
43481
90808
49524
51362
29899
19944
35189
62934
72767
92474
69543
72894
67501
84969
83875
17338
12941
65356
82336
61959
38119
69463
10794
84152
79410
32169
15454
44349
19395
77167
19940
22695
49671
57603
78697
15828
13187
63893
33030
80852
98411
59142
79662
76453
14031
95327
80884
78935
63397
10788
52478
60491
51076
94788
12070
91112
46470
86327
54297
68614
85466
47617
15959
33262
69640
41351
26553
83959
91287
21935
92394
83093
17607
53956
52729
57556
31887
62123
89485
23689
92560
60923
78782
31293
37512
13032
91682
50284
17304
77134
20216
19648
36245
19401
11043
38249
25127
66581
73799
80428
57474
92073
99640
62543
69253
81099
21128
44096
26225
54203
66718
25030
96449
28021
70407
28952
10165
14119
69092
42030
96381
50589
34844
81075
26954
53913
87037
13765
90901
98030
88547
40620
22178
14900
15662
34939
63705
46809
21960
86112
61434
76805
56818
64896
77516
84393
99358
28773
29144
72277
73324
95381
51957
92594
21446
96813
45817
84079
95354
71195
60620
77954
84082
34331
15979
40247
81365
65755
44886
29197
49207
19479
41168
56538
47447
19554
55537
12561
61652
81515
33125
20907
10357
49570
53999
27421
41850
78338
57328
46279
27501
83029
91886
57174
25000
78559
12801
83603
26702
10213
43191
82742
75784
30937
26360
80241
88054
19071
80785
78502
71839
32332
28161
17321
57655
40744
78161
15857
97398
79883
72723
91008
93695
96565
30509
18714
15258
79026
72716
34726
25237
22602
24021
94288
78155
74134
64664
63248
93494
59516
94820
10663
56261
22286
51169
36450
57394
32951
95103
24725
78251
55310
51920
31782
42483
38887
61910
44976
50386
18503
56943
14252
70104
67229
56409
79512
47745
41970
31201
85665
52246
53992
89897
22551
94259
87997
35720
64478
87565
59443
48493
27728
79818
44235
57407
30532
31593
83126
48816
58697
78177
22505
64313
77800
76829
41961
87810
60902
88769
65880
61674
68932
61330
33483
26033
62020
50106
84299
86653
32271
74010
50262
50308
45438
93898
50236
18541
21117
74196
37426
36020
37712
93063
57596
87121
66008
62990
22461
44309
72077
52924
11344
15795
70998
38299
27903
77223
22178
63040
98292
69094
20330
84208
32030
52039
53519
84682
67474
84704
96297
25527
28756
66895
84286
63087
21253
72046
75320
91097
23368
32728
77815
99410
26649
92946
20375
35680
62469
74886
38285
11522
64400
47246
96337
92554
36088
36377
55539
24857
46049
77107
35637
66081
24027
44864
83076
87127
30227
34278
78750
82132
36166
32394
63568
84791
99481
88216
95645
78128
63409
65644
77280
65530
19385
16172
56195
10057
13647
69976
79592
56550
39318
26369
77101
83870
75914
49312
54566
38494
84607
70768
20735
10176
24324
72345
92258
83580
18215
15879
72660
94832
72541
39678
60399
28862
88562
95797
61673
71407
53834
57485
59868
74559
50105
29548
79173
44961
18846
77011
45966
78485
19097
34230
47585
52379
34995
54038
77518
24192
22569
77875
44749
59450
80297
21799
86344
56448
56297
40356
87531
50242
21799
77999
63677
97574
30131
65336
34410
45910
33197
63010
63611
15927
55414
90902
58561
82977
89039
70536
40964
40495
23731
22224
17835
60689
13809
21653
70785
36844
97787
62231
28228
41159
11420
87092
91141
68005
73090
31286
88650
61023
13288
25074
55018
59044
26403
31121
40673
82320
52710
74024
63873
15857
89065
96929
28611
16473
26380
16558
72695
98839
15582
39123
26613
17015
18177
23069
33736
24421
63255
27325
47949
85908
83121
12186
15508
87473
82618
26430
66919
12048
46255
79014
25649
50228
17123
19839
45495
58722
98914
19685
28543
67662
52649
31960
38914
76454
11892
81757
14207
65260
24352
58670
56721
86798
13656
28870
60259
14825
55705
60480
68781
58324
64181
10099
47223
11106
63317
75068
27107
44496
23898
97030
62043
96356
16620
22532
38612
23186
44189
84360
60703
12487
15215
73524
74985
87932
99417
96659
22371
47339
80723
55323
55976
54693
44425
68230
32801
30356
58841
57638
96703
76698
37075
85142
36821
80741
27776
81945
31062
71884
94984
60141
45211
83245
79378
29593
87594
19940
65566
61857
23389
28259
56039
68891
98498
85802
75957
94137
36466
61883
34558
85024
30440
16233
59887
71809
72029
36340
84836
35367
23235
49287
99283
45060
10849
11212
87919
76843
19957
49853
17225
86256
68834
30119
23380
52922
75332
83413
19707
96452
56385
10512
14805
80927
11329
83361
61823
96010
64786
51927
79105
13827
23422
77623
46607
38236
23397
79476
63861
54152
32892
38703
37571
91895
68575
45889
75472
71030
37332
12873
30881
76235
26348
56900
59484
66702
81612
47895
36922
62181
63310
32521
10013
90812
53775
69488
73525
12932
63244
88749
94412
11797
71360
44217
73092
10331
46728
19661
47774
39982
18195
74951
32595
78977
12340
11390
85748
63762
65234
71796
80588
17014
46179
45295
64528
32095
94428
95770
75297
65613
17674
29345
46585
47180
87160
86170
20637
50038
91733
48661
78610
36454
50908
27878
46726
98399
63296
16069
71905
81248
57897
54215
25507
23675
36228
99457
59352
35011
86731
50623
76571
44444
96352
17776
43782
59151
42496
93629
16152
57205
73527
40705
83837
31080
42108
86163
32353
20393
51950
33306
68209
71854
64050
42965
31458
30392
52208
63822
69521
10710
46776
12538
24657
91824
70884
76556
89002
92294
98445
82603
50744
67396
96127
72401
65831
46142
38500
61393
89277
17004
50730
12492
98510
10038
23303
59907
93291
61363
54021
77570
39289
35766
31808
19702
71512
98451
77050
42002
32118
93993
38305
77636
68777
86940
36402
70686
80289
88432
59179
88879
77177
44552
87838
76064
60262
10752
49019
71192
12141
58593
29894
56759
65135
56255
22744
95441
76847
89634
88816
18265
58446
20177
59693
77873
73213
10067
17227
93694
66718
19609
42858
37445
21107
70670
91299
85430
56820
86337
44068
40563
81166
34370
92141
14793
23767
84333
79230
10544
79973
50322
21300
21164
73321
30313
34449
93565
39765
17152
59236
17776
19773
59456
17463
95881
63516
38021
51949
25294
43071
23394
90167
48216
90434
49690
72192
66848
50084
56168
97351
89828
75717
93383
84184
58128
11914
36345
93707
20166
88077
35240
25096
51782
13262
29913
24281
45220
38383
42427
15700
49196
76572
47407
67475
71908
87919
13163
66408
93544
11420
11823
31032
89185
40293
49487
17117
97637
96856
58545
84980
81524
74313
18699
58290
37302
10167
28114
57022
28928
92831
53617
76794
73934
98715
86329
10791
74051
60963
83180
43271
61797
62718
23490
16140
94548
95922
11952
15731
28980
86577
61081
32497
37037
98460
40302
80975
80880
17490
65442
97241
30172
66275
11214
37030
89712
54543
14385
97305
52079
61658
95257
35292
22682
24075
68052
63005
70724
61024
90695
35223
74201
96156
27180
88649
49754
60535
33882
74707
96072
27996
46455
24240
68563
10379
56397
83509
24963
80286
84330
21457
84182
42230
59867
39985
34836
90450
17090
10402
52920
94566
12494
60537
39183
19819
69074
16210
24303
23501
16550
44199
19912
97045
30815
12771
14908
32562
20973
92282
42633
73786
19632
85090
79228
80206
94447
21813
89651
27990
41122
77750
20067
35140
68702
15307
57962
19520
46065
61468
58685
47523
88392
87706
11004
24053
70521
73045
38203
40146
29587
40831
38242
56660
53990
92061
14360
16883
25500
91489
90242
88478
43343
29164
85062
47373
19803
90130
32470
65038
51794
76370
32355
59364
64816
54191
98752
10566
18126
19789
46708
99840
56223
16484
32601
28839
88003
38531
15653
99895
98911
15840
22475
17332
73542
88739
66112
20735
97326
86983
58381
38205
35840
75444
75058
53295
61694
55627
13538
20886
22116
48318
49053
45785
11605
54576
88840
93116
40871
73482
43170
90376
52533
85965
50853
48818
18234
10803
23626
34090
32677
94881
35399
98042
50277
69654
35912
81253
24261
47360
47524
59191
17132
37006
13838
77264
41056
54648
15711
98297
73946
90658
76078
79006
18662
99415
42833
23337
38973
67882
24725
71137
71378
49406
50608
49267
34534
30328
67446
95975
11351
49956
32622
70326
21675
33832
66421
25184
65597
14486
47948
98874
16153
12595
49067
75065
31684
72636
49680
69262
13446
43117
81927
50165
33837
31220
92859
92635
60713
56278
64827
63602
46361
62588
87063
84054
25615
89647
77232
11400
52423
83891
82745
61073
51794
93496
19619
79630
11453
60066
14757
40892
17552
37230
10330
61449
29556
42926
77520
38888
31060
68270
23128
50861
84039
27152
74507
63587
91574
16001
89429
27468
95074
91575
94431
95383
55039
89430
79682
38713
65047
82641
90891
91256
84425
21594
72087
45838
13889
64007
99173
21306
11526
12644
82260
31611
78727
17640
46414
63450
40430
20283
51454
51395
76291
33849
91544
63810
85601
75722
62489
12796
20466
91471
25186
55263
70812
30582
97944
22306
65642
65553
54742
92590
65690
93720
17487
78168
82653
31237
86096
90322
75964
35801
36355
16727
22873
48588
97377
53511
80009
66990
71193
58798
94765
27211
20375
96785
55455
15572
85919
83584
69680
56574
33810
22951
45253
61517
99884
94109
29695
99863
69065
69007
73983
51882
34269
21336
52811
48514
87050
32186
32172
22748
24610
61076
13798
94768
39941
92465
10564
92432
65693
79015
94832
55340
96534
75495
65226
52577
39316
34195
57718
58075
31969
55556
40064
14269
41336
10395
67479
75289
78781
95721
21355
75863
53856
28532
13233
99224
85612
33917
80081
18471
18538
28125
36217
33904
60907
58714
38474
13027
68269
60665
18128
22698
19401
10309
20440
29262
33362
98452
95328
87020
52508
70267
94594
75881
51309
73796
23128
55337
75845
77962
91001
69820
80312
13740
87807
80279
59871
86097
90923
53504
92202
84768
20929
82948
36701
28272
96502
33878
71191
56658
75206
32360
89088
91464
10876
14986
48477
14884
40813
11258
58597
50001
19985
23225
61754
24862
66405
64254
90754
49775
29108
99715
18130
39491
77943
84625
64501
17472
74873
14229
82174
33162
45486
18401
71470
11027
86215
75451
76231
12275
50708
27262
61267
22873
10039
22992
97835
87328
23821
59418
90255
51025
38438
47213
87148
90774
24494
38716
88020
85334
45561
61066
33552
44469
10542
50930
11450
59312
85317
40679
60719
96828
43256
54773
99297
42599
91810
51669
75199
10143
79679
26601
19175
64863
40646
24909
25080
87695
64764
67575
92021
61124
89693
45219
86568
12679
16123
86454
39025
22112
38951
43163
55000
65522
87408
71667
16868
84469
16278
16508
38806
31204
60389
65032
62217
83263
17415
97043
19692
42234
32206
28250
32312
98494
11154
39460
19397
10849
49677
98079
77511
22380
25462
62503
26452
17106
66814
18561
22588
86119
97204
70562
93405
44264
31309
22117
60007
72488
33415
78672
16016
55743
28844
68218
33354
59556
22651
26417
55966
63973
88982
15013
93151
84107
26239
70226
51795
49544
44440
16705
16818
75925
51143
60330
45885
89285
32534
46850
95280
10269
30573
39720
40448
75481
90260
51119
45499
92632
86924
47961
80574
93385
99506
55217
40097
12442
95530
41142
96982
28511
82727
65078
61983
86939
30813
58162
92816
78338
47013
69878
89886
44166
72940
61511
78656
19250
94856
36385
78437
43596
70071
41987
36593
56754
50703
13171
64330
51582
96897
52437
42029
25913
22338
36594
98477
74201
67381
42580
30654
65367
24804
29882
87189
39169
68676
57810
96255
66905
88095
45547
73887
12301
87561
60525
39858
67079
58177
64322
99910
29965
27935
41014
96068
48152
56713
11030
97777
16334
26994
11991
85048
73165
26617
86561
14158
37213
43469
66099
59074
77031
84977
24858
27493
88900
38144
58487
28041
76721
11211
96233
60092
61389
99877
87941
32696
89442
47990
67000
45888
27837
99797
47491
91341
16020
66393
27041
96462
28203
10299
32642
29696
96064
23817
24180
77350
47221
81696
74764
31225
44899
47586
48462
97744
37062
37425
88562
63356
62933
45225
64140
85608
66718
13386
15999
47903
20174
37471
67423
55947
18274
89587
85760
26466
37871
79773
76611
61147
11484
73353
55299
25952
14582
61819
78762
22973
66954
93082
15973
93155
91029
57252
76508
78176
90964
40146
11411
97220
31617
53771
68016
65617
55975
93649
97032
35655
49521
92245
60826
76720
32449
26937
97386
55501
93740
80526
13361
39409
87364
13954
35800
67676
81975
64150
70278
38178
85171
86593
34561
20555
25319
97228
27009
64193
58086
41104
75306
65628
16593
38681
57800
92427
61888
40691
45906
38358
78269
28655
54075
28254
55422
49393
34510
74281
69924
59935
58925
84720
87940
15329
10482
47004
76527
61082
84457
52450
43781
60948
31891
29094
19455
32179
55487
29148
38917
65989
78086
34075
11856
79898
51647
85911
11805
57963
77179
71803
44488
98992
44784
17403
23723
39971
89652
84616
68048
94369
55746
17763
66551
42709
35630
90947
36665
68893
28931
13954
81376
20977
57079
25543
20795
80746
76942
86003
37517
34773
62220
23817
62399
22502
41401
88790
74003
30929
78344
66621
87299
65777
82196
87077
99071
97463
60102
95796
95517
68106
86702
27787
19720
58159
55313
59465
26323
45891
32749
23001
46937
58415
62295
69745
12281
57104
31615
79269
96698
83093
80527
24575
83260
73811
36819
60931
44632
10187
39305
16727
64949
66500
29061
76583
85078
92988
19433
24473
32406
82706
76600
27310
48289
76680
47918
39254
94523
49408
56895
14775
72375
35939
11418
15083
82486
30421
52925
26843
48734
44408
81940
36216
59282
86936
85999
10867
26147
13110
72056
35380
99340
93496
23266
59559
56265
38853
91308
62649
24762
26038
43180
31395
23956
64451
41327
81807
58543
86783
28817
32069
63313
78108
56687
21862
86934
54466
80276
74178
64380
19998
27446
88410
15701
71906
48913
12116
13768
24021
65357
71872
33926
22937
91193
16305
68181
74483
99552
39381
42095
16188
68467
81204
28999
18322
25827
47742
32921
27114
84437
82961
87322
82229
90390
99828
51274
78207
20511
25517
18495
32591
52539
30226
70826
59030
42789
17324
50446
31847
26827
45456
97226
94527
47731
64174
18387
98928
88516
40379
14276
51410
22224
48459
38350
37393
28583
33704
52383
77568
96333
68565
73290
81374
81383
69839
93791
36418
19581
28102
59586
87839
62549
98077
10498
74618
80563
63082
23547
14663
52593
30419
58227
41242
45011
68293
91541
16699
43641
93686
73446
60547
20946
80352
26678
18275
26351
37511
35204
41826
30459
96879
68693
54554
66017
14284
69770
66706
69299
96299
68529
55086
77156
12424
32980
99094
70969
12113
39769
99746
58523
27146
34975
46841
22501
49359
48834
32232
10988
45110
14190
76687
59323
53553
53371
72288
42913
75001
91980
28229
90383
15851
68485
55594
19363
35779
57755
50886
17670
55548
52063
88133
97882
68849
88576
25309
77054
83939
58025
61645
68497
78617
43920
86153
11115
95778
50835
41755
94493
18622
89492
73217
60858
35006
90469
34408
94950
10268
70569
87075
33563
76064
18241
61372
40883
77795
88786
99253
32052
97627
75662
15917
53884
71729
73970
77122
67014
70260
56180
69895
36209
44081
65416
35885
24402
84422
27232
81423
70825
54248
94432
95085
30868
68083
80449
42184
23130
71316
80143
64687
30843
65146
99170
57005
32412
34776
54658
21248
71952
18858
44562
62346
97222
74458
42384
75927
77945
77196
43499
23746
77299
46511
91779
83146
87498
78302
51331
81489
64729
36698
68828
10115
12810
37982
21995
59288
60186
72995
26052
84490
55999
96595
22449
74147
12020
62074
90003
16318
70892
22271
86228
62614
14071
50169
22190
43150
31740
18641
58254
67115
38839
76543
79080
90017
53262
57489
96583
45407
27169
57588
66139
65703
38322
98119
99490
62188
94673
26597
14413
97459
28320
63184
41320
52459
70438
48132
68801
65556
39808
32614
45066
20950
76505
98680
58988
25556
10540
55973
45571
23468
64345
77024
59497
10180
68541
93888
49452
38601
28464
67250
59515
58014
15019
91857
13870
53664
58865
63147
82347
89603
25365
15335
21086
62102
85601
37590
85616
24508
51893
48390
93800
36930
44734
33329
13592
64050
34827
99552
88512
82506
58731
32154
13423
22792
66801
90025
29483
40297
72266
30605
29840
58233
84840
79968
98391
47137
14496
94927
49447
20066
48592
90910
27373
26600
96214
43962
55791
27647
59454
18532
25174
86946
98993
74268
50193
71684
26609
28283
99532
81336
66526
68845
82726
21102
52422
80669
71328
20019
54264
97792
37003
18244
57643
95462
68687
74235
92905
69351
85932
66457
24192
61202
43272
18561
41330
49943
24001
53121
52192
55248
41475
46171
19113
59503
18454
19949
28193
20787
48193
20687
47293
36289
95019
65665
73406
73992
72236
36040
62172
99761
82087
15282
34248
89202
77191
14502
84102
45982
38221
55430
71937
30696
63503
47795
22022
92213
51429
87545
73177
59169
34598
97741
47486
32969
50123
68530
65837
47372
37020
58317
16300
58385
41104
62065
73910
10789
26879
32851
28287
81067
70686
21031
73473
15216
89374
40607
12784
12484
62198
72620
30364
82930
76928
51451
99407
64885
52885
39496
59275
13003
43216
94665
14970
11249
41668
27469
39245
62973
35711
71908
97248
72701
26789
71501
31319
37950
13046
70367
58633
58820
82337
86813
86276
68773
64863
91367
31601
13675
49267
20060
32498
52962
53918
76805
40664
51806
11688
25688
92573
89911
13595
49332
74254
34835
25946
91712
66618
85540
72795
75809
39755
97586
77031
82914
95392
83287
97509
96214
84066
17135
39177
90884
76911
25434
96412
57665
18975
33159
40389
19151
24475
65364
39304
53714
32133
87564
68612
47113
60542
63572
99115
74824
33795
84601
34158
86730
94026
43492
31521
27899
10239
22714
51539
86315
36385
18799
16400
71794
51076
14533
40562
67740
23170
92778
21418
31596
64524
10044
24202
53535
59853
87861
35901
40443
36352
69487
74556
99748
78786
75576
47347
92890
81097
66733
59622
19664
30112
11002
89306
62911
35359
39920
21077
28216
82414
49561
48160
87025
81976
76977
42643
53501
35795
45394
77374
13394
62428
38558
67146
83287
50093
34079
17512
94202
28249
35633
89426
73244
15689
28434
75739
30551
21633
55600
64708
40029
88646
88165
48734
60579
24530
29668
43965
29127
86799
84933
51761
22249
62014
61540
12464
97119
70830
51033
17033
57464
40038
73102
49198
19185
89633
76298
46883
86402
32568
93759
58866
40158
74249
46551
62978
34751
56761
19311
93340
48299
58336
15071
57523
39303
14638
65413
42583
97458
18764
95145
25163
97580
13958
10039
53818
32997
60340
22448
20429
96679
12770
82795
22014
13988
23702
64334
96992
92723
53168
34612
66533
15319
93696
41640
13570
94356
24139
14688
78263
48493
96582
23562
77829
45303
72513
45408
28130
54545
78739
78742
45995
19013
20452
89561
58440
98423
33278
79507
57935
22968
48132
92705
60766
58507
71920
40836
66532
63127
29887
61846
23815
67515
88530
80817
11997
27941
29801
95972
65025
52241
75121
14221
53225
78422
28466
80019
37732
53915
18416
67710
66791
85850
45099
67021
86469
50627
54048
98953
71397
45067
76018
43291
47729
84853
27079
58198
11694
26800
62016
35486
84067
38063
36835
23345
59848
38204
68607
88716
67131
45163
20965
13306
46764
