6584
1081
8884
4209
7005
5616
7594
9536
6803
1667
6223
5178
3664
5038
3847
9068
8558
1169
9184
9439
970
9149
8792
8201
3714
5227
9509
275
1323
6579
3525
1849
658
7565
2782
5697
7662
1769
7100
3222
7681
2426
598
7002
1732
5363
724
3326
946
5707
1185
9800
7435
7456
9066
8611
7956
191
2968
6774
4297
3341
1332
4137
6519
8919
853
2725
6573
5494
8550
9028
7033
11
8614
1686
6730
2386
2089
9349
8827
565
9448
3064
8145
2300
6071
4290
6699
8218
4872
6485
1640
5537
4763
7383
6941
6756
2453
2842
1460
2041
7035
9682
2227
3167
8635
1376
567
1371
2859
3650
7830
282
2339
6110
5104
7888
9693
3357
4536
6877
5268
9825
4168
1412
7211
803
3725
6574
8724
8650
2550
1534
2377
1473
9527
722
8554
7743
6836
2265
881
1229
7512
372
3813
4107
6639
8658
473
9709
407
2269
4176
9545
3020
7118
2893
7586
2631
5014
1021
2543
1465
125
4225
7842
5617
8583
9348
6832
3898
4053
7854
7280
462
836
8689
3505
1445
9507
1622
9133
8224
9630
3023
680
2889
3836
6808
856
4854
3471
1451
2771
9582
7178
3728
7272
2575
2006
5479
720
5919
3160
4668
4198
8177
7115
2677
9684
634
9499
1366
1902
2685
8630
1299
47
9804
6331
140
1292
2774
2645
8649
3359
4102
3677
4354
9080
2977
8712
4664
1243
9361
7726
8039
4016
9946
661
3448
7856
5630
8794
3454
9405
7570
9049
8140
1982
8422
2032
9228
3376
7404
9811
4563
6106
5785
923
1821
8117
4794
4727
898
2758
7787
3607
6530
8983
8135
2248
2299
6526
9105
3046
5389
9769
2413
9600
9569
1692
6361
1217
9285
7180
761
1577
5523
7530
2034
1989
9291
6558
2161
45
195
2053
1631
3980
6729
9881
6287
604
8426
3433
9362
2113
4229
196
9130
2251
5901
4035
4874
3814
9009
1573
230
7549
9117
2864
5432
2064
7749
3334
1244
2335
5775
3183
1200
1901
3709
681
5008
1295
344
3894
3633
3547
3593
4066
1176
7314
8868
4
9288
8759
3542
8540
5579
5350
3347
1347
5542
5997
4687
1326
765
7611
905
6554
4454
949
3879
3136
8844
5960
273
6001
8736
3406
3465
1579
4959
3163
1980
2009
4362
186
6253
2743
3687
9206
8052
7286
6319
9593
9443
9174
3780
635
5974
8035
7056
3609
9336
9154
9153
2137
5290
8731
5583
7826
1172
5578
4280
9399
6501
7803
2375
4636
7353
5067
2692
9889
6367
6195
6529
965
50
325
7513
2891
1247
4859
5968
9200
3663
6752
1293
5083
7459
5280
9478
6653
1464
4779
56
7574
994
1787
9909
9846
5300
6354
2568
370
2378
2463
1411
6939
8210
969
6351
9094
7769
2595
8839
4733
1284
4122
7049
4455
3616
769
6805
5164
4791
8967
7920
6100
6353
5953
7733
2473
6388
8634
1958
9147
2857
2111
2690
1660
5521
3186
8824
4933
6378
5117
9555
7195
7959
9076
7464
6072
9543
9820
4938
3178
4883
4557
8504
1903
4509
5168
6475
3394
345
9672
2491
7615
9021
2514
4399
5662
7057
6542
8187
5244
6926
8507
4543
675
3011
8962
9470
3789
8461
9926
57
9739
7455
51
1992
5519
8536
448
8220
7809
2355
2519
5463
7015
3956
6711
756
1551
9313
4980
4812
3005
4886
1096
1123
2210
463
5481
3512
9334
5693
5949
9459
6301
8590
9179
942
4462
7259
2330
777
8043
3585
9279
302
8381
6672
6061
332
9979
3415
4082
2002
4352
4660
183
3115
2253
4200
4097
5575
695
8887
6768
6460
9880
4310
1305
9656
4199
6022
1436
1766
4110
2825
1665
1705
6224
4612
5773
2451
7555
1961
472
7864
1477
3057
4905
7147
3426
1069
3324
6310
5229
2143
3957
2152
9097
2366
4748
9486
8832
5459
4031
7388
3587
9202
7531
2097
6393
5544
3008
1827
7325
1487
9033
4164
1259
5676
3719
3320
8423
5276
2929
6326
4561
4269
8951
3256
346
729
6259
5101
5798
9289
1496
5744
2283
8538
5203
6377
3244
9077
6384
3993
4830
5724
3831
8382
1213
3575
5806
8067
8040
7785
1429
7634
6166
2950
768
283
5181
1286
1835
6285
1555
5808
8646
7931
4822
9350
7415
1427
2481
8103
5887
1919
6611
702
5892
3489
9031
454
2099
4278
6547
2833
9557
2437
4749
4440
3712
8102
3190
4507
3548
6193
771
1854
475
3849
6458
4287
654
4038
3495
4744
9380
6658
6054
2978
4987
4184
4761
1993
1119
6834
5353
296
14
9830
9019
7340
4087
6555
2412
2353
3708
3373
2845
3711
6549
2485
2562
1204
1753
6837
5680
3171
425
9234
6996
3615
9812
9286
1716
8498
1613
7321
5801
5508
7573
9713
3872
924
4845
1426
2022
2340
3234
6823
9912
3950
4625
4324
964
8183
2903
354
4719
437
3488
9793
2902
4644
8562
1138
3930
3181
2513
2788
2015
4726
7213
2298
8098
269
8239
4898
1278
8909
2795
7799
142
6394
6413
4832
7649
3468
2364
6172
8513
4250
3858
7843
7527
934
9319
5864
8549
9775
1763
4238
1886
7062
6673
2460
7855
2354
2297
8615
5666
4892
9619
3866
1595
7481
3586
4994
4632
6343
4920
7766
9794
9932
5938
6303
4778
3857
6688
9107
4937
5369
3871
4404
2865
9628
2270
4799
7369
8474
9736
7584
3363
6511
75
8889
4347
2012
8025
9020
4154
2830
9657
7676
4386
6628
1995
6313
6242
7804
8242
1346
8301
5904
1755
4025
2082
767
6134
1103
1623
2667
4380
8012
8223
2093
2744
2992
5346
7192
6838
8479
5013
3839
1135
3897
640
3370
5119
8693
8950
2971
1354
7746
6214
5993
5653
2079
7905
7627
5211
5061
9814
4014
7990
9890
7861
3893
4558
6151
513
779
7822
2085
7127
666
1670
9663
7697
3883
1375
7105
4430
5889
1960
5638
7297
6321
8322
8376
4388
8695
2877
8955
7869
3472
3195
2582
2611
504
6362
1864
7426
1865
8158
3251
1288
6201
4532
1105
8748
5594
3340
8707
1341
2682
7539
4956
3343
1443
9664
2502
9045
9464
6317
532
6416
2170
9341
1182
2318
4783
6163
7000
4692
2784
3382
2512
4658
4950
7045
4682
8197
8323
1011
1943
4911
9241
735
8539
812
2838
4517
7465
2687
8613
8801
2810
1550
6478
830
8812
5838
4024
6041
7708
3544
5358
4265
8618
2591
400
1076
8573
7094
8051
6669
7065
9496
3402
4917
8985
6893
5230
1051
8851
4844
2369
9091
7772
7759
7367
2983
9968
606
9160
557
7866
9436
977
5021
4676
1819
6666
7636
6600
3917
1826
6385
7814
5658
7693
1088
7921
5145
2140
8510
3579
157
4275
5490
7985
2531
146
9589
1714
2023
8317
1369
7499
4247
7701
4252
2074
1171
180
3877
3934
2060
8644
6627
9818
9438
5046
6855
7210
1224
8062
2638
9957
9400
6714
8813
3196
3765
6946
2315
4072
3823
3225
2728
1500
2206
8198
4710
6527
2337
3756
1321
2148
6696
3692
6829
4725
6009
2176
8392
4371
1756
1308
1419
4037
5518
3392
384
5340
2168
4088
3063
9210
5981
7966
8245
9902
3459
3774
17
5161
7825
7896
1462
3123
4966
6039
859
5797
5536
7058
9874
7226
5593
7216
6275
3680
3560
4007
3518
2244
712
2495
8390
3924
3207
6312
8668
4818
701
8202
8130
4402
4656
547
6972
733
6679
4303
6654
9167
8251
672
5195
7412
8408
5301
1271
3739
9965
7491
5305
7076
7260
6293
2745
9972
2005
8517
470
7436
7141
15
6291
6607
4817
7490
274
2704
7640
9013
6747
5217
6821
3204
9327
3259
4653
6087
3297
5831
5134
8157
2249
3545
1027
5513
3729
9004
5755
1932
1041
217
1183
36
7138
6480
2484
4613
7575
6785
82
8906
4970
7145
4365
373
4005
8206
7989
8535
3085
1848
352
2934
7658
253
8968
3122
7028
7786
108
3754
104
3126
1751
9784
782
4232
3000
2673
1342
9797
4055
8254
165
3591
1034
3667
154
2844
369
5869
3155
2900
9647
7466
1055
5428
1779
6856
563
9851
6682
4785
6235
4166
7755
908
3175
4777
4739
9994
5970
4136
5253
2066
6381
1480
6978
351
9642
3116
9539
5128
1894
7395
7653
4646
9440
1719
3991
4691
7660
483
2417
4566
6817
6862
174
7172
3004
5589
8184
9809
9347
7306
1833
749
222
8503
997
7489
469
9939
5764
5563
2790
3140
1840
9477
1164
1355
1935
2616
277
7417
5086
8819
2207
2586
3205
303
9085
8174
9098
3135
421
5846
8732
6638
1703
7257
2731
3067
1343
936
8568
6790
1397
1468
67
8112
4934
872
6947
8085
4284
3807
8543
3804
7393
3990
3509
7894
1239
1391
7541
9951
9585
9734
1498
5284
2979
517
5148
6884
8883
5391
1167
6769
2095
4865
2715
4143
1150
3263
2732
1228
6270
2003
6590
2272
8437
1190
1043
3356
8761
8037
3197
8063
8475
3216
5475
374
428
814
589
4591
3400
9087
5419
9807
9194
5259
3945
6652
7102
9515
148
8264
2926
6922
9064
6015
8200
8670
46
9182
8718
3384
9840
9982
8956
7767
996
9992
8113
7108
6069
1694
9548
288
9208
4026
5994
8375
1111
1558
3040
5383
9887
2843
809
237
5302
7171
8592
2937
6373
2018
242
5506
2416
1207
4201
6746
8433
5344
1662
4346
8852
9384
7137
3265
6868
8069
3034
123
7053
3641
5659
8188
9104
7135
1381
963
6981
3245
800
1350
3078
688
1806
9654
4729
8144
8243
7162
278
6067
9277
4669
4610
8854
7696
5470
1501
1387
7980
6359
4120
4951
5321
5147
7371
2075
8648
6932
9683
9940
3080
2778
350
5473
6470
5500
4580
2678
4090
823
5698
5925
2922
4870
9303
8642
4417
9735
2598
215
3378
8981
9511
1420
6227
4935
2905
1418
4350
7720
1141
743
6017
9002
792
1878
176
2132
1981
3744
2503
2013
9144
1050
1560
8087
933
1033
4483
2850
5893
1885
5821
2697
3528
7119
3848
876
9836
503
7328
106
3969
343
2629
3099
6533
713
5388
7486
4501
544
4999
6734
3995
1266
1969
330
5822
1549
1624
6300
5395
3111
8280
6135
1578
3367
8760
4675
8617
1941
9999
5998
5539
7113
7810
4374
1695
5833
9973
3485
2092
9905
7798
1314
4332
1388
6690
5205
6185
7251
840
9481
7078
3098
7050
2736
1750
1581
8321
6449
402
6078
4213
7545
9485
5042
6364
3703
4926
2388
1113
3568
5929
1219
9738
18
4078
2116
6525
5989
9192
8816
1499
9183
978
7010
6997
4544
6173
4105
7152
3208
2954
6068
6349
1619
2428
2658
426
6700
1526
5397
7962
7533
4381
8742
4059
9293
86
7212
6818
5310
7591
4813
9620
3399
4704
4833
2716
3105
1483
1653
2305
6725
5081
8502
9605
5245
9430
5849
5802
5734
2383
8769
9984
4930
9026
333
2122
3095
4527
2217
7182
6848
2103
8209
6911
7246
8913
7366
3974
1158
8506
7019
9952
3859
975
1310
5096
1281
4962
6294
4887
2698
7207
203
178
8178
2946
520
9311
6138
4679
6986
8406
2120
4981
4526
3330
4728
8005
6203
1374
849
2763
4688
2708
8957
1060
3430
4516
4131
16
63
9106
1642
4908
2182
3834
8698
1373
5978
1811
2567
1003
543
5795
7917
167
1188
42
9677
6825
4944
5451
8076
1261
5012
3590
569
164
8271
394
5048
2080
5421
1368
7013
3132
3767
6153
5092
2526
1999
2246
7161
3083
100
8788
3039
685
1635
3261
7847
5692
3791
3508
1537
6878
6906
6807
6678
1304
298
396
2
3221
568
4401
9332
1395
6782
3732
4502
4525
8578
1926
9764
2325
1871
5980
5137
5257
5709
1502
4596
3285
2803
7190
5303
7648
1708
6576
6417
7873
3826
3642
7592
988
1964
4104
2126
4556
7293
6934
7950
2757
4356
1709
6970
632
8501
9429
7225
579
883
1066
6593
3446
3369
2824
5588
7704
5825
7758
9869
7329
1435
6402
1039
7405
3210
6723
1246
6043
1777
4929
1682
1922
2404
6230
8525
8651
3564
2029
1165
561
3490
3640
1402
172
7907
7740
9421
4964
2429
9120
5263
9412
6363
6766
5684
6329
3761
1532
1971
4382
9185
1298
5415
5984
6386
5986
5489
292
5642
3168
5188
4194
8214
7086
7201
9864
2200
2696
500
8958
4010
1107
1161
941
5859
4538
4040
87
5944
9391
3830
9193
4076
9842
8394
8976
4028
9646
9251
6772
9872
4077
1372
7301
1904
5328
5702
2672
6503
925
8798
3907
6487
4452
2471
6759
5704
4266
5030
1268
2869
7379
8691
2753
378
3497
2275
6350
9901
3690
4851
1805
9924
3499
3410
9781
1740
8118
3201
7149
8233
6144
3189
595
8840
6689
4364
7501
6968
4864
2674
4240
5436
1788
3671
678
3436
4281
8028
5740
6861
3209
4493
5832
3452
4075
7737
9626
5370
5405
4918
8049
4707
1659
9670
5360
4373
5652
4876
9425
6891
3366
2459
5675
6601
7812
9687
6426
2133
6841
9354
7203
4435
6165
763
7537
4119
136
2863
7548
8326
3932
9701
6917
8445
7409
2397
3146
6506
8947
4975
5781
869
2594
1506
1576
5758
3351
9441
9838
4589
9575
5534
807
691
2274
1860
4770
1765
4445
1873
5703
5314
4095
8095
3716
4988
6318
480
8672
2873
4006
7667
8587
9062
2021
6657
3112
1568
9321
2817
2694
4218
8505
8627
789
9157
1020
1127
4885
8002
1800
4841
760
5670
2105
6401
2381
8952
9256
7303
3317
1883
8327
9215
9567
6463
1508
6440
430
7688
158
7500
3562
1097
1966
3674
6183
3832
984
3266
7245
3890
8945
6963
5828
2606
5141
3487
5377
6905
1401
9773
7218
3678
8682
9375
4100
5064
5737
3390
7601
7562
766
7043
1078
3068
8534
3308
785
1970
9680
6376
626
8487
2303
5528
7223
7457
2430
4344
8556
7883
1948
6562
7707
7068
1439
8134
819
2358
2760
6901
6494
2634
5531
6899
3521
1976
708
89
4062
478
2444
2314
6316
5770
4593
9953
3915
9512
6748
8859
676
3618
6098
5739
8365
7730
7081
878
2924
2853
4523
4846
9217
5835
7448
5843
7929
3912
7589
2024
9637
9191
8168
2921
6942
9574
9428
3998
960
5766
4823
9249
1494
7703
9817
5258
2189
1706
4234
5787
9578
4217
9075
5462
7975
586
6484
8266
2145
4928
9832
9207
70
4193
3565
5629
1143
135
4897
7382
679
2483
4968
3535
744
9844
864
3149
1090
5269
8690
6864
5891
4433
6336
6239
2065
1810
8414
259
7461
697
1918
3551
8155
3662
6614
7077
9771
1276
5144
6197
5943
1250
9517
7322
7731
4342
5236
5151
4568
3731
1361
2684
4175
9129
8229
2371
7495
2418
4621
728
9276
187
1223
7523
5496
7126
3467
5735
9750
7899
7915
737
6168
9203
7569
2035
9920
4202
5551
1285
1609
4446
3358
5661
2529
7946
7266
493
25
9636
2630
3483
8700
3775
6646
896
5373
8259
718
9572
266
3948
1634
6811
3688
1676
3776
8290
8777
8786
5672
6083
638
1040
1733
3476
8138
152
9298
7380
3788
9648
6719
6907
3218
6101
8064
3380
5878
1978
9706
1306
1531
4973
6123
7614
4052
7597
6866
1192
3318
240
6913
8555
9418
9420
4969
2197
3097
4890
5932
4627
181
9983
1466
3431
6987
8524
9519
7034
1053
9409
132
921
5756
7437
399
1289
3418
8486
752
3469
5767
8398
4702
8783
6698
9148
2312
9271
4652
7818
9093
7239
4924
297
2539
7439
3604
9916
9533
9488
5590
2114
6686
7364
4946
8608
3028
7131
6927
3360
3161
7942
8320
6871
4476
1428
5582
4424
6094
4952
3283
9868
3882
6139
5354
2046
4805
3138
3106
610
7278
1968
4715
444
1616
8162
810
3016
1036
7559
9015
1367
5817
738
8093
8864
7360
8100
2234
2695
9573
3264
3865
5742
5129
4011
5304
3764
3443
1264
8675
2911
7189
9554
847
2660
4054
9011
8918
7833
6694
8703
401
1735
8466
9702
7526
8873
6784
3090
6761
7602
9343
805
9728
1478
8867
189
8308
3658
7348
2985
7424
5033
6005
2952
6524
5274
4498
2165
7638
1472
7764
7819
2316
9500
874
1364
5306
8553
3282
6874
7125
7044
8050
3361
3315
5862
2620
5644
1649
8808
9833
9170
5914
7813
9737
4019
5281
3644
4936
6585
3536
6327
8303
6615
6839
9381
9522
6077
3610
1590
6577
6268
8015
5751
7781
5158
5057
9036
5728
2039
6261
8959
2320
7944
2400
9266
6154
5663
7160
412
1394
7007
2448
6483
624
4597
4221
4747
392
6175
416
9861
9359
6553
3835
7391
6232
980
8014
6290
2351
4810
458
4135
8195
5177
4714
9791
6873
6457
9307
8182
3645
6867
3816
3428
2956
4978
8136
1617
6278
2273
7698
9053
5484
6228
439
8282
5149
6753
6382
2107
5316
6450
7285
1875
4348
8850
6928
1893
7639
227
4614
2281
7248
3151
7643
8871
6199
4426
1647
4245
6024
7331
9565
5934
4299
6147
8449
7365
1905
3113
2293
6822
5025
6167
3061
4508
1448
866
7871
9471
8228
7815
9542
2204
1845
1052
5524
4134
5683
6234
4208
3741
2636
4294
2499
1016
8915
8803
2909
7473
1657
1632
5154
9365
9795
4321
2342
1365
3999
2384
3783
5155
6216
6854
5210
4117
3623
4954
9058
1895
4780
3511
127
7252
3027
7973
5240
9802
3260
1545
7885
4848
5202
3212
4573
4535
8688
7197
2078
9922
587
3463
3563
7828
1737
5015
8719
4244
8606
677
4757
9173
8362
7027
3947
429
1548
5902
1953
9986
9309
7155
9060
8511
2533
4751
5256
2043
4223
5173
113
1844
1389
2518
4506
2479
6452
5452
4546
5453
5495
8638
9910
7661
8324
3388
9799
4622
3753
979
1425
6442
6176
5399
4603
9526
4191
9442
1379
3853
746
6904
845
570
5741
8345
7536
750
9622
91
3723
6931
1561
9396
1370
1047
6156
4923
7220
2438
6568
1013
5105
5826
591
6824
6445
8074
895
3955
481
7682
5220
6580
3037
9016
6796
7901
2136
7943
7717
555
9366
6635
1830
117
791
424
8226
2181
901
2840
1907
2504
6352
3825
9252
7451
7604
8454
725
7955
5956
8227
7774
4801
9254
2385
2608
2563
8432
3387
8116
7363
3657
6984
8622
6912
6298
5906
5924
4582
4984
408
1201
7438
3773
2357
706
1455
5963
7407
6681
5362
3928
1950
7071
5146
8176
1998
5655
1597
6133
4570
7121
4375
1280
7241
5913
916
5209
9025
6890
8694
5796
9017
8057
3504
7194
8166
4599
3727
2117
4395
3237
4717
3243
2215
8595
7700
6104
8924
945
2740
8279
1302
2862
8269
4592
27
1621
5186
64
1077
4798
5418
5965
329
3082
5228
3372
615
5323
2754
9306
8094
6589
7001
5841
7725
5752
8750
4286
8984
5376
1482
9839
6256
205
7852
2226
1861
669
8421
6469
8079
5130
9525
2958
4554
5851
322
6030
6597
2656
3577
5335
6815
3721
5450
790
4068
4837
6064
8216
6596
6633
8886
4943
2967
7268
8572
9755
8124
519
6086
2211
4300
1297
7716
9658
1059
1658
3076
2726
7969
6443
5447
4904
5565
7441
7509
5219
4829
7870
857
1523
6670
9762
1260
4056
545
22
9816
7262
7572
9634
4434
9535
3276
3425
5632
511
1475
7576
1178
951
3049
2308
1817
3232
4323
7312
339
7267
134
3555
6827
3647
5708
4358
2688
8941
1492
9937
3154
5628
7054
6717
7006
9128
939
409
8491
4340
433
8764
852
8004
4091
326
9964
1005
6888
5329
1270
1516
3383
3094
5431
6543
5777
7908
358
6924
210
289
556
7932
488
8632
1696
9849
8128
3837
74
2257
4224
8636
380
5426
6210
4645
5198
7474
8083
7143
1791
1567
238
801
1723
6499
4787
7983
838
955
5050
4270
1626
5184
6423
8818
5327
6641
1604
4267
8972
1491
2570
2346
1562
95
5076
827
7684
8013
280
2569
5438
9720
1017
32
7711
804
90
471
9046
7612
8373
759
9433
8262
7454
863
5132
1618
5873
6777
6080
2796
4564
2487
170
7791
2447
3286
6712
8937
2927
1525
43
9422
5909
3355
633
730
5911
2169
7254
639
1727
9963
2387
8172
1254
4008
3348
1456
4057
226
3486
9151
5279
5361
5982
423
1908
8299
199
276
6575
4029
8677
6241
1698
7607
5794
3371
2153
7294
468
1382
2017
6422
7368
7538
5054
1847
3988
4169
8773
7686
7845
4884
8907
3033
7734
3730
3206
4718
7295
5454
2936
6250
9238
2748
2191
3927
9124
7859
4489
2455
6192
1823
9274
9417
2237
8150
5348
2679
8898
5660
316
2411
3697
893
4335
6898
7330
2492
4254
4626
3713
295
9126
3666
5027
6434
7998
8092
2037
4579
2892
8737
953
1673
8727
6896
9681
7324
4396
1690
9040
9387
2969
4773
7244
4228
1086
3987
3556
9419
9248
6520
2800
7651
8126
5232
6103
5976
7387
9199
3439
7430
612
8710
4233
913
8129
6965
2808
3054
653
2261
8417
6466
4643
357
580
8488
5289
7166
2208
190
3074
6727
2108
9406
7694
1282
5757
3274
7048
1269
1552
4047
6105
628
6220
9563
4705
3145
9339
5325
6626
6328
5090
7427
8351
3006
1633
418
1351
2192
5066
6366
5606
9373
9837
3838
7587
2537
7839
8676
8153
4411
1386
247
5482
3220
6956
5507
3614
6938
8656
3592
5654
7082
2947
8526
7563
6998
9782
7292
4633
508
7510
837
6545
2472
1722
3925
4670
7357
7719
3656
7020
2327
700
4167
9331
1337
6178
7652
1912
6051
7067
1915
5568
4155
2984
6188
7683
6142
774
1518
2524
9813
9196
4470
3103
9787
8404
5886
9186
7756
2163
8105
1767
1089
8387
7093
3002
9156
8458
3142
2392
1327
711
3665
3600
553
4438
8081
1423
7307
7863
8612
5736
2897
3742
4195
8994
3003
751
1335
9601
897
5157
3684
7339
5197
2896
7598
4394
9532
9437
2001
2331
8879
3766
1744
5374
3627
9258
5727
4372
6370
5823
834
9398
9305
3951
1148
1776
2162
6953
1602
2422
4492
385
3519
1882
699
3092
3323
305
7689
1809
4796
928
3093
7204
5430
7957
7732
3935
5416
4488
844
3455
6845
5553
2345
6346
8753
5557
1236
5292
3173
6952
3066
3460
5681
6257
8108
3248
3746
7428
415
4431
1556
202
6715
8165
9150
2067
820
8293
6431
3087
2522
2313
9140
9463
2561
9561
7401
2282
1984
8444
959
6900
1045
8531
3214
8961
6816
4567
5051
5009
611
6959
9489
5460
989
2450
2912
9393
6390
3736
3500
9071
4806
4311
821
3281
4522
6117
9172
7476
6013
2128
3306
7250
3625
8522
4023
3972
9780
5
2193
6187
2887
5341
5837
4144
9885
7333
7837
5474
564
9915
1283
6279
455
5191
7811
784
5106
943
918
6339
2319
8991
9001
3224
311
6765
2577
6595
9455
4203
6056
7568
184
4018
3503
1296
2614
291
6058
99
4776
34
617
1855
4528
1197
255
6446
9491
7470
9729
2055
6238
9806
391
4700
6556
6011
947
2779
9204
1071
9006
317
2712
7311
3603
7014
3752
3336
1359
1734
251
4672
9490
5690
9244
2452
1124
3799
2466
2579
3875
3904
8131
1256
3944
9602
9317
3787
1145
4513
3438
2474
4243
9731
9187
4541
6969
6330
709
4248
8452
4915
3026
9891
5845
831
1711
4583
6455
7232
9224
9603
285
1231
2415
4862
5687
8747
5625
7913
1843
9824
2049
6621
8914
7332
8509
5570
8031
4838
3413
7447
9504
7432
3044
1701
3147
8353
6129
3937
2264
4464
9580
3335
6345
1973
2814
5576
308
4617
4648
4782
8875
2965
954
467
8601
9985
775
4439
2975
7146
551
9640
850
4156
3295
3706
4694
8596
3368
4503
9552
2462
4070
5429
6687
9216
4443
1437
6751
780
8431
5176
9416
7016
5566
5746
2278
2118
7628
1521
5857
1484
4910
8905
5087
558
4608
6473
5224
7181
284
2870
5633
8621
3597
5501
3421
3179
2036
5867
8802
1233
7433
9337
3404
208
8360
2131
2942
9903
2932
9879
4740
2382
3532
4410
434
3700
1444
4058
8009
2734
2749
4472
7947
5875
9826
8420
1539
8054
9461
112
9261
7025
9246
6642
1155
2827
2816
2963
2765
1909
745
9612
4746
2618
9423
3527
8547
1132
1775
5760
4863
7926
6304
9644
8666
7080
2999
8917
2856
6819
7069
9292
539
5520
5171
3996
489
3784
5803
4919
1252
9176
2202
2961
5922
9835
1963
9721
2718
7933
8825
1974
3516
6218
7588
9714
9689
4850
2347
655
5031
5107
438
6007
3514
2427
7646
2931
3233
6027
1452
2456
2944
6284
214
4092
8350
1697
2607
5049
9465
7230
5035
3801
3863
2523
1405
6538
8424
5645
7916
6902
6348
7240
3188
3931
4531
1385
5634
6541
6021
1189
8902
829
536
8036
6826
8841
7841
2829
2701
2124
3200
8551
7477
6409
323
4772
4142
2910
8484
6263
3191
1630
8213
2878
4991
1416
5491
7337
212
8820
9560
8086
2755
3447
24
8811
3718
8795
526
7780
2573
6246
6742
1797
2183
9493
7521
20
716
9624
6112
1691
1157
7958
3255
7224
2276
7951
3199
6645
9494
7691
1535
1720
4802
7103
4734
8948
2338
5910
1972
6882
7835
8481
1489
9007
4559
1677
9158
6191
1356
5569
8943
4902
2991
6120
8160
7882
2520
694
3843
4409
1400
8478
6619
3605
3129
4308
9558
7469
2691
9528
7305
6920
3017
8415
9330
8934
4941
3
3970
6273
9495
5717
6292
4873
9862
7111
4186
6795
6063
2230
9051
8853
1851
7219
8111
3889
8225
5609
8151
5237
9162
9997
8148
200
1267
6429
8826
3294
3077
7222
3069
6079
5844
3198
2516
2730
7968
7770
6099
6716
5045
41
719
66
3817
5343
3492
2294
2262
2010
5866
4165
4012
6610
2247
7910
435
4114
5493
8221
9747
6977
8739
8770
8041
3517
8446
4598
4703
9456
1198
9408
1588
2669
7215
5732
2628
4995
7642
2517
6383
6397
279
5372
7418
169
6152
457
3311
6502
7858
9962
9340
9135
26
9010
1311
2173
3596
9282
5952
7884
502
218
8975
9131
2356
4004
786
518
8697
4760
9467
9627
1015
2301
122
4145
5315
8389
3048
7024
4971
19
5677
2994
13
236
9865
1938
1852
2254
4279
1131
5102
9122
52
8929
8240
3107
4495
5650
8447
2454
3880
8399
6914
2913
935
8235
516
8518
7599
6510
9587
3056
684
3651
2042
4264
9906
5931
1530
7939
5754
5282
4463
258
944
5836
7396
4459
6322
459
1945
8378
1044
637
4339
8270
1519
715
4400
6031
3567
5085
1547
1080
9857
4237
2948
4758
734
2379
5768
3763
8640
1390
7347
4063
9386
419
353
6955
143
9134
9583
256
8125
5483
5610
8778
335
6119
5671
2432
7009
1942
6992
6705
9643
723
4093
8866
4576
8784
3414
4378
7600
5640
8843
2747
808
2807
5412
5465
5379
6
383
8055
6019
8589
5848
6332
6358
4572
2904
38
371
8442
8936
9055
3559
6980
1393
207
3819
1889
5514
5467
4736
4769
5408
6644
321
8687
9633
4128
7713
3699
6281
6427
4180
9699
665
8944
3035
9553
9590
3578
6130
5420
4487
3669
6989
6783
529
6570
7064
9586
1571
6933
3159
8284
523
7206
7235
262
8331
4022
4315
7550
3698
2644
2882
8605
4716
7188
4048
3888
1404
3854
8701
7355
7290
9355
9974
9294
6028
1287
8464
2336
5333
5882
1862
3458
1099
2799
4121
8065
9853
7886
8277
359
2626
2721
3166
1028
5855
8483
1921
4683
8077
9708
1754
1058
4305
613
5293
2793
9220
8137
2874
6206
5121
3691
2612
368
4282
588
7709
3961
5850
1914
6252
2974
1814
7177
9980
5261
7302
5385
9828
1515
6885
1983
9770
9250
2819
8207
5990
5159
8512
6003
9841
1422
5410
4257
1910
5516
4116
4605
7370
3375
1924
9063
1583
107
441
9138
7747
6572
9029
2894
1303
1874
4649
105
4869
2175
8344
5790
3846
96
115
6801
629
8828
3177
9564
2296
986
8570
7175
4227
1939
7723
5830
5088
382
4982
4976
1672
4325
1587
5471
7876
9395
1407
5517
7553
9898
5860
9155
6289
636
2915
6886
8175
2425
3758
3795
3194
4241
7965
6306
8099
1790
5193
2781
748
2599
4578
8815
6365
9378
2402
9166
7834
60
8921
293
6883
4465
1936
4793
8548
2359
2367
2997
2945
6578
6088
69
6697
7919
6465
8066
813
987
2783
1738
2588
9113
1046
2000
3549
5694
7243
8418
3751
6415
6656
9451
3482
1257
7361
4423
1453
1122
9538
3239
1730
3997
8916
1585
1867
3874
5127
7511
6944
2839
2164
8684
1599
9377
5915
894
8938
4236
6793
8217
4825
6115
2907
1743
2713
7654
5895
7011
5545
2184
427
460
710
690
4416
5125
8222
2823
3031
3429
5111
7546
7675
9625
8468
541
2635
6745
3307
5685
7173
3513
7534
5936
6919
5780
4861
2279
2115
5852
1818
956
4268
1142
1023
7765
7440
5656
7665
3164
414
8361
2284
7159
5307
7664
8940
6950
7164
9632
5380
6668
6379
4816
7209
2291
2302
1205
6333
9779
8147
1352
7130
7416
2507
5131
7613
1216
356
9873
9675
9474
8793
7877
9275
3420
3240
2826
5769
8823
8356
9445
6421
6680
35
1258
3172
2621
7754
2855
9052
7971
5999
2104
3852
2123
9921
8667
5384
9777
4086
249
1610
1206
1414
6788
5262
9848
8645
128
4868
2045
3268
4925
538
381
1331
3850
1718
5559
4900
5996
1068
9198
3010
379
9741
2735
1144
5624
3293
3114
6872
5814
5082
6567
1813
5933
9358
3745
5560
2441
4377
8980
781
7963
3862
9353
2571
8930
4695
4856
7543
446
9691
3526
3427
6744
8872
1307
4792
2240
9796
5715
6295
341
8493
1312
3211
4903
833
1654
1831
6960
576
3986
8771
7790
6297
4230
5298
7851
6514
235
2263
1553
4731
2186
2443
8857
8890
8728
2689
3811
2556
8963
2711
5894
6692
8633
2469
4384
6012
5060
9452
4927
4835
2285
5425
7508
3965
1933
3900
2476
7153
7522
4569
8768
3435
2403
1979
8248
8241
8001
156
2096
7840
1724
3332
9127
5897
151
7617
9562
7453
55
7808
7655
5055
8053
1988
3588
6586
9118
4106
6637
9023
363
4182
3734
411
7242
4985
6767
5725
7829
3672
7872
7517
7075
2639
4212
7320
